5.5 41
8.5 40.5
10.5 40
13 40.5
17 41.5
20.5 41.5
24.5 42
28 42.5
32.5 43.5
37.5 45
40.5 47
42.5 49.5
45 53
47 57
49.5 59
50.5 59.5
51 61.5
51.5 63
52.5 64
53 64.5
52.8 63
52 61.5
51.5 60.5
53 61
54 62
55 63
56 62.5
55.5 61.5
54.5 60.5
54 60
55 59.5
57 59
58.5 58.5
59 57.5
61.5 55.5
62.5 54
63.5 53
63 51.5
61.5 50
59 50
55 50.5
53.5 51
52.5 50.5
50.5 47.5
49.5 44
50 40.5
51 36
50.5 30.5
49 28
47.5 25.5
46 21.5
45.5 18
45.5 14.5
45.5 10.5
46 7.5
47.5 4
47.5 2.5
46 1.5
43 2
41 3.5
41.5 7
41.5 12.5
41 17.5
39.5 22.5
37.5 25
34.5 25
31.5 25
28 25.5
24 26.5
21 27.5
18.5 27.5
17.5 26.5
16.5 23.5
15 21
13 19
10 17
8 14.5
6 11.5
6 8
6 4
5.5 1
3.5 0
1 0.5
0 3
0 6.5
0.5 10
1.5 13
3.5 16.5
5 20.5
5 25.5
4.5 29
4.5 33
5.5 35
6.5 36.5
6.5 39
5.5 41