57.8368 431.147
60.8368 430.647
63.8221 430.144
66.7779 429.635
69.6896 429.117
72.5423 428.586
75.3213 428.04
78.012 427.476
80.5996 426.891
83.0693 426.281
85.4065 425.643
87.8988 425.138
90.5677 424.781
93.1105 424.414
95.5466 424.053
97.8953 423.713
100.176 423.41
102.408 423.158
104.611 422.973
106.805 422.87
109.007 422.865
111.239 422.973
113.505 422.868
115.837 422.878
118.255 423.008
120.776 423.256
123.421 423.618
126.206 424.089
129.152 424.666
132.275 425.345
135.596 426.123
139.132 426.995
142.422 427.763
145.358 428.372
148.481 429.03
151.751 429.709
155.129 430.384
158.576 431.025
162.053 431.607
165.52 432.101
168.937 432.48
172.265 432.717
175.466 432.785
179.704 433.672
183.882 434.459
187.948 435.108
191.934 435.652
195.87 436.122
199.786 436.549
203.714 436.966
207.683 437.404
211.724 437.894
215.868 438.468
219.691 438.778
223.029 438.692
226.478 438.715
230.008 438.829
233.592 439.016
237.202 439.259
240.809 439.539
244.384 439.841
247.9 440.145
251.328 440.433
254.639 440.689
258.754 441.39
262.847 442.101
266.846 442.783
270.781 443.448
274.681 444.108
278.574 444.775
282.488 445.461
286.452 446.178
290.495 446.937
294.645 447.753
298.694 448.525
302.523 449.199
306.498 449.942
310.616 450.752
314.871 451.625
319.26 452.558
323.776 453.547
328.416 454.589
333.175 455.681
338.048 456.82
343.03 458.001
347.598 459.299
352.162 460.647
356.762 462.038
361.36 463.472
365.918 464.95
370.4 466.474
374.769 468.046
378.988 469.667
383.019 471.337
386.826 473.059
390.726 474.811
394.985 476.574
398.982 478.387
402.734 480.25
406.258 482.159
409.572 484.112
412.693 486.107
415.637 488.142
418.422 490.215
421.066 492.324
423.584 494.466
426.082 496.786
428.511 499.17
430.877 501.599
433.203 504.08
435.511 506.62
437.824 509.226
440.166 511.906
442.558 514.666
445.025 517.515
447.587 520.46
449.973 523.464
451.87 526.486
453.867 529.616
455.936 532.854
458.05 536.2
460.182 539.654
462.305 543.216
464.393 546.886
466.419 550.665
468.356 554.551
470.176 558.546
472.708 562.133
475.315 565.68
477.829 569.272
480.281 572.876
482.7 576.456
485.119 579.978
487.566 583.407
490.073 586.708
492.67 589.847
495.388 592.79
497.872 595.703
499.594 598.845
501.436 601.735
503.357 604.376
505.315 606.77
507.271 608.92
509.183 610.83
511.011 612.501
512.714 613.938
514.25 615.141
515.579 616.115
517.593 617.545
519.631 618.98
521.457 620.279
523.093 621.491
524.564 622.669
525.894 623.861
527.108 625.12
528.23 626.494
529.285 628.035
530.296 629.793
531.16 631.374
531.665 631.997
532.166 632.871
532.66 633.955
533.147 635.207
533.623 636.585
534.086 638.046
534.535 639.549
534.967 641.051
535.38 642.51
535.771 643.885
536.327 645.836
536.931 647.892
537.531 649.827
538.139 651.65
538.766 653.371
539.423 654.997
540.123 656.538
540.877 658.005
541.695 659.404
542.591 660.747
543.455 662.026
544.013 663.212
544.647 664.364
545.341 665.488
546.077 666.587
546.84 667.669
547.612 668.738
548.376 669.8
549.116 670.86
549.815 671.924
550.456 672.997
551.262 673.608
552.085 674.024
552.83 674.403
553.5 674.714
554.096 674.927
554.62 675.01
555.072 674.932
555.454 674.664
555.768 674.173
556.016 673.429
556.193 672.648
556.285 672.559
556.313 672.206
556.277 671.625
556.177 670.853
556.013 669.926
555.786 668.881
555.495 667.756
555.14 666.586
554.721 665.409
554.239 664.261
553.74 662.624
553.201 660.804
552.604 659.049
551.954 657.351
551.255 655.703
550.509 654.097
549.721 652.526
548.895 650.983
548.034 649.46
547.141 647.949
546.314 646.528
545.929 645.537
545.559 644.567
545.238 643.641
545 642.778
544.879 641.999
544.908 641.323
545.122 640.773
545.555 640.367
546.24 640.127
547.21 640.072
547.535 639.741
547.648 639.355
548.016 639.149
548.59 639.104
549.325 639.199
550.174 639.416
551.089 639.733
552.024 640.131
552.932 640.59
553.766 641.09
554.641 641.674
556.388 642.655
557.994 643.645
559.478 644.651
560.856 645.675
562.148 646.724
563.371 647.802
564.544 648.914
565.684 650.065
566.809 651.26
567.938 652.503
568.905 653.441
569.788 654.199
570.703 654.969
571.651 655.724
572.634 656.439
573.655 657.085
574.714 657.636
575.813 658.067
576.955 658.349
578.142 658.457
579.322 658.454
580.098 659.002
580.893 659.348
581.683 659.512
582.442 659.514
583.144 659.375
583.764 659.114
584.276 658.753
584.656 658.312
584.877 657.811
584.914 657.271
585.217 656.484
585.642 655.528
585.877 654.561
585.94 653.581
585.849 652.588
585.624 651.581
585.284 650.56
584.845 649.524
584.328 648.472
583.75 647.404
583.114 646.333
582.229 645.416
581.325 644.491
580.409 643.568
579.484 642.656
578.557 641.765
577.633 640.904
576.718 640.082
575.817 639.309
574.935 638.594
574.078 637.947
573.337 637.181
572.706 636.337
572.129 635.558
571.62 634.836
571.194 634.16
570.863 633.521
570.643 632.909
570.547 632.314
570.588 631.727
570.781 631.138
571.124 630.546
571.28 630.145
571.607 629.726
572.1 629.291
572.751 628.841
573.554 628.38
574.501 627.909
575.586 627.432
576.802 626.949
578.142 626.465
579.599 625.98
581.1 625.479
582.64 624.965
584.267 624.455
585.966 623.949
587.724 623.448
589.527 622.952
591.361 622.462
593.212 621.978
595.067 621.5
596.912 621.029
598.731 620.565
600.41 620.029
602.031 619.496
603.575 618.963
605.023 618.426
606.356 617.881
607.554 617.324
608.597 616.75
609.465 616.157
610.141 615.539
610.604 614.894
611.594 614.146
613.15 613.286
614.561 612.374
615.89 611.399
617.202 610.35
618.562 609.213
620.034 607.978
621.683 606.633
623.573 605.165
625.768 603.564
628.333 601.817
628.805 600.557
629.585 599.176
630.65 597.684
631.927 596.106
633.337 594.466
634.807 592.787
636.261 591.093
637.622 589.409
638.815 587.758
639.764 586.163
641.445 584.426
644.007 582.523
646.28 580.709
648.312 578.983
650.152 577.343
651.847 575.785
653.447 574.307
654.998 572.908
656.551 571.583
658.152 570.332
659.851 569.15
660.22 567.836
660.622 566.565
661.101 565.334
661.622 564.13
662.148 562.938
662.643 561.745
663.071 560.536
663.395 559.298
663.579 558.016
663.588 556.677
663.79 555.41
664.302 554.255
664.603 553.027
664.708 551.73
664.633 550.368
664.392 548.945
664.001 547.465
663.476 545.933
662.83 544.353
662.08 542.73
661.241 541.067
660.113 539.704
658.894 538.36
657.608 537.027
656.256 535.729
654.84 534.491
653.365 533.337
651.831 532.291
650.241 531.378
648.598 530.62
646.904 530.044
644.961 529.352
642.658 528.391
640.273 527.622
637.782 527.025
635.158 526.581
632.378 526.27
629.415 526.073
626.245 525.97
622.843 525.941
619.183 525.968
615.242 526.03
612.548 526.423
609.808 526.87
606.891 527.33
603.868 527.803
600.808 528.289
597.783 528.788
594.864 529.299
592.119 529.822
589.621 530.358
587.44 530.905
584.899 531.42
581.493 531.868
578.464 532.318
575.771 532.764
573.375 533.198
571.235 533.615
569.311 534.006
567.563 534.367
565.95 534.689
564.433 534.966
562.97 535.191
561.869 535.039
560.819 534.75
559.746 534.351
558.629 533.816
557.451 533.116
556.194 532.226
554.839 531.118
553.369 529.765
551.765 528.139
550.009 526.215
548.388 524.338
547.201 522.868
545.874 521.098
544.438 519.063
542.925 516.796
541.366 514.331
539.794 511.701
538.239 508.941
536.734 506.083
535.309 503.162
533.996 500.212
532.36 496.77
530.772 493.231
529.335 489.703
528.049 486.188
526.914 482.687
525.931 479.199
525.102 475.726
524.425 472.269
523.902 468.829
523.534 465.406
523.28 461.941
523.087 458.355
523.04 454.775
523.134 451.192
523.361 447.594
523.714 443.972
524.187 440.317
524.774 436.618
525.467 432.866
526.26 429.05
527.146 425.161
527.808 421.107
528.45 416.935
529.128 412.649
529.811 408.235
530.474 403.677
531.087 398.96
531.622 394.068
532.052 388.985
532.348 383.696
532.481 378.186
532.619 372.876
533.064 368.501
533.313 363.97
533.376 359.353
533.262 354.724
532.983 350.154
532.55 345.715
531.973 341.478
531.262 337.516
530.429 333.9
529.483 330.702
528.467 326.23
527.372 321.664
526.2 317.509
524.965 313.71
523.679 310.212
522.355 306.96
521.005 303.9
519.644 300.976
518.283 298.134
516.936 295.319
515.524 292.651
513.86 290.464
512.223 288.188
510.604 285.808
508.996 283.31
507.392 280.678
505.784 277.897
504.163 274.951
502.522 271.827
500.854 268.508
499.151 264.98
497.747 261.882
496.44 258.825
495.119 255.598
493.802 252.235
492.506 248.77
491.251 245.237
490.054 241.67
488.932 238.102
487.905 234.568
486.989 231.102
486.096 227.56
484.94 223.474
483.915 219.502
483.013 215.632
482.223 211.85
481.535 208.146
480.939 204.507
480.426 200.92
479.985 197.373
479.606 193.855
479.279 190.353
479.055 186.854
478.891 183.347
478.758 179.819
478.65 176.258
478.562 172.651
478.489 168.988
478.424 165.254
478.363 161.439
478.301 157.53
478.232 153.514
478.182 149.531
478.258 146.124
478.322 142.628
478.379 139.078
478.433 135.507
478.486 131.95
478.545 128.441
478.613 125.013
478.693 121.701
478.79 118.539
478.909 115.561
479.198 111.869
479.598 107.906
480.051 104.102
480.574 100.414
481.182 96.7992
481.891 93.2154
482.718 89.6199
483.678 85.9701
484.788 82.2235
486.064 78.3374
487.368 74.5317
487.963 72.0427
488.707 69.3983
489.558 66.6534
490.474 63.8628
491.416 61.0815
492.34 58.3641
493.207 55.7656
493.975 53.3407
494.603 51.1444
495.05 49.2315
495.902 46.5456
496.889 43.5455
497.659 40.8366
498.227 38.3779
498.603 36.1282
498.803 34.0464
498.838 32.0913
498.722 30.2217
498.467 28.3966
498.087 26.5747
497.544 24.862
496.512 24.2084
495.367 23.5123
494.098 22.8019
492.694 22.1055
491.145 21.4516
489.44 20.8684
487.568 20.3844
485.518 20.0278
483.28 19.827
480.842 19.8103
478.644 19.4969
476.551 19.0576
474.291 18.8134
471.896 18.7463
469.394 18.8383
466.817 19.0714
464.195 19.4277
461.557 19.8891
458.935 20.4378
456.358 21.0557
453.85 21.7778
451.368 23.1159
449.018 24.5067
446.825 25.9665
444.813 27.5117
443.009 29.1589
441.439 30.9244
440.127 32.8247
439.1 34.8761
438.383 37.0952
438.002 39.4983
437.182 41.9986
436.099 44.6319
435.309 47.4829
434.759 50.5583
434.399 53.8644
434.177 57.4079
434.043 61.1952
433.944 65.2328
433.831 69.5273
433.651 74.0851
433.418 78.8658
434.2 83.0658
434.833 87.4971
435.334 92.1173
435.718 96.8839
436.003 101.754
436.205 106.686
436.341 111.637
436.426 116.565
436.477 121.426
436.51 126.179
436.239 131.471
435.706 137.203
435.157 142.806
434.578 148.31
433.954 153.74
433.271 159.126
432.514 164.495
431.67 169.875
430.724 175.293
429.66 180.777
428.477 186.328
427.666 190.754
426.724 195.26
425.665 199.802
424.504 204.342
423.255 208.835
421.932 213.243
420.549 217.523
419.121 221.634
417.661 225.534
416.185 229.183
414.432 232.938
412.408 236.771
410.365 240.294
408.288 243.508
406.161 246.415
403.969 249.017
401.697 251.315
399.33 253.313
396.851 255.01
394.246 256.41
391.499 257.514
389.242 258.91
386.855 260.052
384.35 260.967
381.748 261.689
379.069 262.253
376.333 262.693
373.561 263.041
370.772 263.333
367.986 263.603
365.224 263.883
362.237 263.897
359 263.626
355.802 263.415
352.632 263.262
349.478 263.165
346.329 263.123
343.176 263.132
340.006 263.19
336.81 263.297
333.576 263.45
330.294 263.646
327.076 263.944
323.8 264.287
320.456 264.674
317.041 265.107
313.552 265.586
309.983 266.114
306.332 266.692
302.594 267.32
298.765 268.001
294.843 268.735
291.065 269.486
287.506 270.245
283.884 271.055
280.227 271.913
276.559 272.815
272.907 273.758
269.298 274.739
265.757 275.754
262.311 276.801
258.987 277.875
255.809 278.975
252.024 279.889
248.335 280.794
244.783 281.69
241.349 282.563
238.014 283.396
234.758 284.175
231.561 284.884
228.403 285.507
225.266 286.03
222.129 286.436
219.308 286.906
216.948 287.521
214.593 288.01
212.268 288.384
209.998 288.653
207.807 288.828
205.721 288.92
203.764 288.94
201.963 288.897
200.341 288.803
198.924 288.668
196.894 287.883
194.973 286.973
193.236 285.982
191.654 284.884
190.204 283.652
188.857 282.258
187.588 280.676
186.371 278.879
185.179 276.839
183.986 274.529
182.937 272.41
182.127 270.793
181.272 268.922
180.369 266.841
179.418 264.592
178.418 262.22
177.366 259.767
176.262 257.276
175.103 254.79
173.889 252.353
172.618 250.008
171.389 246.952
170.121 243.894
168.804 240.959
167.442 238.136
166.041 235.414
164.604 232.785
163.138 230.236
161.646 227.76
160.135 225.344
158.608 222.98
156.924 220.704
154.952 218.552
152.948 216.43
150.894 214.337
148.772 212.27
146.564 210.225
144.253 208.201
141.819 206.194
139.244 204.203
136.511 202.223
133.602 200.254
131.393 198.233
129.201 196.202
126.884 194.165
124.485 192.117
122.042 190.051
119.598 187.96
117.191 185.838
114.864 183.679
112.655 181.476
110.606 179.222
108.32 176.957
105.301 174.73
102.464 172.443
99.7725 170.098
97.1923 167.697
94.6878 165.24
92.2239 162.73
89.7654 160.166
87.277 157.552
84.7236 154.888
82.07 152.176
80.4757 149.409
79.0728 146.594
77.6103 143.734
76.1345 140.83
74.6913 137.882
73.3269 134.892
72.0874 131.861
71.0187 128.788
70.1672 125.676
69.5787 122.525
68.8489 119.306
67.3106 115.973
66.0622 112.596
65.0633 109.171
64.273 105.692
63.6508 102.155
63.1561 98.5552
62.7481 94.8872
62.3863 91.1464
62.03 87.3279
61.6385 83.427
61.8572 79.7679
62.2025 76.1332
62.4768 72.4428
62.6879 68.7151
62.8439 64.9687
62.9526 61.2221
63.0222 57.4936
63.0605 53.8018
63.0755 50.1653
63.0752 46.6024
62.9459 43.103
62.4492 39.6275
61.9281 36.2733
61.3642 33.0527
60.7391 29.9781
60.0346 27.0617
59.2322 24.3157
58.3135 21.7524
57.2601 19.3842
56.0537 17.2232
54.676 15.2818
53.5094 13.226
52.2992 11.2722
50.9139 9.5304
49.3648 7.98716
47.6633 6.62917
45.8206 5.4431
43.8479 4.41563
41.7566 3.53343
39.5578 2.78316
37.263 2.1515
34.949 1.73515
32.7978 1.80652
30.6042 1.98976
28.3957 2.29881
26.1998 2.74757
24.0442 3.34996
21.9562 4.11989
19.9636 5.07128
18.0938 6.21804
16.3744 7.57409
14.8329 9.15334
12.9731 10.593
11.0998 12.1063
9.418 13.8349
7.9148 15.7635
6.57727 17.8771
5.39248 20.1604
4.3475 22.5982
3.42941 25.1752
2.62526 27.8764
1.92213 30.6865
1.34163 33.6173
0.986735 36.7447
0.705939 39.9448
0.496286 43.21
0.354823 46.5332
0.278596 49.9068
0.26465 53.3235
0.310033 56.776
0.411789 60.2568
0.566965 63.7587
0.772608 67.2742
1.03281 70.7688
1.34135 74.2476
1.69245 77.7143
2.08373 81.1593
2.5128 84.5729
2.97728 87.9457
3.47478 91.268
4.00292 94.5303
4.55931 97.723
5.14158 100.837
5.79024 103.942
6.69256 107.389
7.63083 110.761
8.61753 114.076
9.66515 117.352
10.7862 120.609
11.9931 123.865
13.2984 127.137
14.7146 130.446
16.2541 133.809
17.9295 137.245
19.3656 140.433
20.7259 143.524
22.2055 146.696
23.7838 149.939
25.4405 153.243
27.1551 156.597
28.9072 159.991
30.6763 163.415
32.442 166.858
34.1838 170.31
35.9006 173.837
37.6876 177.885
39.3989 181.949
41.0222 186.051
42.5455 190.214
43.9567 194.459
45.2436 198.811
46.3943 203.291
47.3964 207.922
48.2381 212.727
48.907 217.728
49.6903 222.101
50.4833 226.13
51.1104 230.302
51.5862 234.563
51.9253 238.859
52.1423 243.139
52.2518 247.349
52.2685 251.436
52.2069 255.346
52.0817 259.027
51.8959 262.611
51.5631 267.655
51.2032 272.428
50.824 276.983
50.4335 281.375
50.0396 285.658
49.6501 289.886
49.273 294.113
48.9161 298.394
48.5874 302.782
48.2947 307.33
48.0477 310.941
47.8539 313.921
47.7201 317.053
47.6543 320.282
47.6646 323.553
47.7592 326.812
47.9459 330.004
48.2329 333.075
48.6283 335.969
49.1401 338.633
49.7521 341.107
50.1318 344.689
50.6297 347.965
51.2328 350.964
51.9281 353.716
52.7025 356.248
53.5431 358.59
54.4368 360.771
55.3707 362.82
56.3317 364.765
57.3067 366.637
58.3103 368.375
59.3262 370.018
60.3213 371.661
61.2855 373.322
62.2085 375.024
63.0799 376.784
63.8895 378.625
64.6271 380.565
65.2823 382.625
65.845 384.825
66.3105 387.158
66.8438 388.808
67.2641 390.609
67.5713 392.532
67.7651 394.55
67.8456 396.634
67.8124 398.756
67.6654 400.888
67.4046 403.002
67.0297 405.07
66.5406 407.063
66.0413 409.323
65.531 411.821
64.9227 414.219
64.2274 416.528
63.456 418.76
62.6192 420.926
61.728 423.037
60.7933 425.103
59.826 427.136
58.8368 429.147
57.8368 431.147
